# Bright Photonics
# Coordinates [x,y,a] of input and output ports.
Center image plane is [0,0,90].
in0: [-9.184851e-016,-5,90]
out0: [273.63575,-4.5798919,-85.569401]
out1: [269.89849,-4.9532407,-88.523134]
out2: [266.1423,-4.9532407,-91.476866]
out3: [262.40504,-4.5798919,-94.430599]
